0.03046472435173819,0.005993568708479734,0.006498510631946494,-0.012965277606613103,0.014610289137314821,-0.024514800112400897,-0.017536805092529084,0.00596694253432631,0.03397058556150994,-0.035200014127908484,0.006323548461497996,0.05616289540444613,0.04737098717009693,-0.05654019485282256,0.00706826032724239,-0.03574811200489192,0.11672820862268406,-0.014059597323415047,-0.20835843112861988,-0.15689059881120085,0.21313232033653015,-0.012583683340697899,0.00576864287157812,-0.009975980477275102,0.06769564888471243,-0.11988349561244044,0.12898322324138414,0.12119347729900375,0.012542040273567126,0.058382661193511785,-0.2133203888869648,-0.10835928137431552,1.3107950719340757,0.06348642919201918,-1.1550146913956165,-0.024510635303637583,0.047037662604603514,-0.1496603052123392,0.13383652567927132,0.037192194032155984,0.7436296944899355,-0.16508221545164975,-0.015458513375567539,-0.058815400193771315,0.21907378340304312,0.11024431219575448,-1.158480157790244,-0.19152397841758853,6.797107789689837,0.0,0.0,0.0,0.0,0.0,0.0,0.0,0.0,0.0,0.0,0.0,0.0,0.0,0.0,0.0,0.0,0.0,0.0,0.0,0.0,0.0,0.0,0.0,0.0,0.0,0.0,0.0,0.0,0.0,0.0,0.0,0.0,0.0,0.0,0.0,0.0,0.0,0.0,0.0,0.0,0.0,0.0,
0.03022806343402834,0.006256728062977764,0.005649724957875634,-0.013217546228138926,0.016526111243137822,-0.024053766107593657,-0.01962881511691934,0.006207454726177605,0.033770372810769785,-0.033821329796918875,0.007032171941968248,0.05192540447809053,0.04703051490016231,-0.0523149328578711,0.006725096174848831,-0.03488418556463458,0.10087543499871399,-0.02354406563919988,-0.15341436903508937,-0.1545522144313753,0.15784547010048813,-0.012514213791124837,0.0059932864628334595,-0.01578811314467319,0.06297928738804665,-0.09710829655365283,0.12752471654271672,0.09808334697505192,0.01268444055685883,0.05613358192079407,-0.1625588639184062,-0.07530853917202324,1.1244330704048329,0.060989066899471485,-0.966866325932266,-0.024054681969650916,0.046439740205418356,-0.14079817262553848,0.1367171525044644,0.011529836386878213,0.7377416383608921,-0.13958209175664232,-0.01577146329031374,-0.05662872083266969,0.16890542570291633,0.07737153508279965,-0.9735461649393445,-0.18939051681851798,6.610853169097702,0.0,0.0,0.0,0.0,0.0,0.0,0.0,0.0,0.0,0.0,0.0,0.0,0.0,0.0,0.0,0.0,0.0,0.0,0.0,0.0,0.0,0.0,0.0,0.0,0.0,0.0,0.0,0.0,0.0,0.0,0.0,0.0,0.0,0.0,0.0,0.0,0.0,0.0,0.0,0.0,0.0,0.0,
0.029830655814156684,0.006692909378660525,0.0046642786520671815,-0.01314362361112228,0.018032341808122663,-0.022865389832294063,-0.021310396024188296,0.006627520358604701,0.033453925269237156,-0.032400208364441976,0.007475081110598463,0.048280697494744604,0.04634502746280431,-0.04872987876985695,0.006061495524388079,-0.03384465634430579,0.08666484693182763,-0.030709771686701345,-0.10743402860460377,-0.15037714662347115,0.11160075306508498,-0.012246632049164843,0.006083772901404298,-0.020085874846426717,0.05865267985782023,-0.0791604995565162,0.12482799950503337,0.07968257829577645,0.013123084875435637,0.053887064317010784,-0.11936607032980155,-0.04936213731501007,0.9717903709539023,0.055796257750880436,-0.8123070640733805,-0.02284192161787631,0.045564029058193935,-0.13160304616050392,0.13733865712596485,-0.010814780512843358,0.7275274106681086,-0.11769196680093823,-0.01639404316704962,-0.05448613395429605,0.12631047742294588,0.051410553170462794,-0.8218477122606034,-0.1848974182993628,6.457767513999266,0.0,0.0,0.0,0.0,0.0,0.0,0.0,0.0,0.0,0.0,0.0,0.0,0.0,0.0,0.0,0.0,0.0,0.0,0.0,0.0,0.0,0.0,0.0,0.0,0.0,0.0,0.0,0.0,0.0,0.0,0.0,0.0,0.0,0.0,0.0,0.0,0.0,0.0,0.0,0.0,0.0,0.0,
0.029340516332914575,0.007143554006130837,0.0034800638820320583,-0.012044378127575668,0.018464717432784866,-0.019647175414299334,-0.021756413575029436,0.007075751436019178,0.033043456194553865,-0.03139993708682385,0.007555665905830856,0.04583912115179367,0.04568743186059401,-0.04654879242907134,0.004852547060915689,-0.03291063415875894,0.07812420335340102,-0.031811468105172123,-0.08660081402549305,-0.14240699717415967,0.0907362222573851,-0.011352438171373847,0.0060090589685887165,-0.020532800153613945,0.05457063756532746,-0.07035002859074785,0.11800515016830253,0.0704386964104309,0.013960767840951595,0.051715917331093215,-0.09836663970896184,-0.03787069713315146,0.898735885788539,0.051825499820695405,-0.7377775800818505,-0.019889458293226914,0.04468733317202255,-0.12259169845210072,0.13122301050547477,-0.01893205062926016,0.7058198571614492,-0.11024417394038198,-0.017297862075932393,-0.052609648969395295,0.1056925896787242,0.03986582776481262,-0.7489755770182261,-0.18140548106675763,6.384026321982023,-0.0007345971696860042,0.003310672429781515,0.00037708175603313977,-0.0028361893622341192,0.01197143816404883,-0.006387659282556812,-0.009566439987566882,0.0019742065007244043,0.00660664687840311,0.00745758917830115,-0.0173906799770685,0.03351741260200491,-0.04093384919546913,-0.02878548175575037,-0.012062815070219033,0.008067010816714449,-0.017789469572450575,0.024542506242727878,0.003002599531404986,0.06059250271044716,0.0026608534464213256,-0.0014076418638370425,-0.00011161661283615538,-0.002936681745264743,0.005379919497987436,-0.0047421185345010355,0.012829408024550418,0.004731848391520707,-4.544564528205385e-05,0.00047411678235999337,0.000298573354840841,-0.0009769925093742204,0.0021655231855214957,-0.0022184465817310086,-0.0018622957483022666,0.0001261799568974133,-0.00014851826210174126,0.00018137282285098167,-0.00023945412211768565,-0.00023818783677044368,-0.0005849693575688019,0.00012293722894168047,
0.028978466679107334,0.007007098076883585,0.0032257816682469656,-0.011280933746501772,0.01801068913175263,-0.017970110033869346,-0.021229266399394233,0.007129288931890534,0.03153826067962461,-0.029615202937892375,0.007155534566637526,0.042788700011149886,0.04349133727824479,-0.04377051036030144,0.0042463482511925004,-0.031123848050312885,0.07303697169003467,-0.031243637335348268,-0.07615782781747783,-0.13587603014116703,0.08058724199135212,-0.010656585689676978,0.005713128437851282,-0.020059604388292875,0.05217806083208562,-0.06696936823790964,0.11303921671240334,0.06672735261828547,0.014341739119901928,0.04833075290889219,-0.08704837648431951,-0.0342368317861291,0.8629962965464167,0.04610163761020053,-0.7012738636078828,-0.01790356163354899,0.04261975968276003,-0.11624681441034676,0.1261430192015121,-0.023946251093663093,0.6893926025873618,-0.1061134279270813,-0.01764297832946069,-0.04948383274829501,0.09480082251381318,0.03608185273342635,-0.713089477325909,-0.17642151709965345,6.348021663743876,-0.006308507944388958,0.009364219824845189,-0.0043867090828815765,0.0019972455127129237,0.019253108978257757,0.005396973631101017,-0.013712856419270798,0.0029633913436313136,0.009394642162467482,0.012535454001848216,-0.02351865317537571,0.035990920288024635,-0.05805928416191464,-0.030556765715945917,-0.02581753276338386,0.017600980099082137,-0.032316414797187304,0.04000885637497751,0.013248035127707922,0.10013845480186899,-0.002340173311192149,-0.002430232959404596,5.46712422100465e-05,-0.004890360769949935,0.00900060503086364,-0.008135101405736516,0.021282697839215554,0.008115521907861006,-0.000694192274176457,0.0012183017357658625,-6.479061328584743e-05,-0.0012468157146501603,0.004646299653129309,-0.0025550134951447976,-0.0038609363268359643,0.0003711649475478991,-0.0002705559068763116,0.000563243170453732,-0.0009683281439046744,0.00036189595867382277,-0.0022550040164984533,-0.0005208352947246542,
0.02836811479410739,0.005035357072143045,0.004959864919014402,-0.011493246422667941,0.01548368490144974,-0.020119908483013305,-0.018620759683165334,0.005980085343568473,0.026150407803290907,-0.024352868795416906,0.005821334268433896,0.03473840810112876,0.035914331049384345,-0.03587468871702327,0.005069410121543427,-0.026080241672101667,0.06754681722012328,-0.030434080833165754,-0.06575152121632416,-0.12872717682785537,0.07049765685469327,-0.010505992558385843,0.00508529956445924,-0.019633160905814375,0.05201874870256667,-0.06813457024999246,0.11208314253431415,0.06755535623794605,0.012951131456282386,0.039182428565632525,-0.0754108245091514,-0.03681408904280347,0.8388509549289533,0.029589736428543796,-0.6769975496121673,-0.018454560514313594,0.036356458683062864,-0.10965516053398106,0.12476487397336805,-0.03674284867807746,0.6796097805533633,-0.09426227706471066,-0.016172546306621894,-0.040399345338558226,0.08346700729494201,0.038217841695947705,-0.688554430445777,-0.16105558328289557,6.3238035235557595,-0.008498439686713558,0.01178173774910055,-0.0069239639079021085,0.007288053422577036,0.0332500628536453,0.01720385188165856,-0.022076431122372585,0.0032854406854662672,0.01312081049737773,0.009493690179580266,-0.01339448880511812,0.06614051956245368,-0.03617444652584584,-0.04871797529562758,-0.02964266157235249,0.01773581667397593,-0.03324979772349869,0.0405491727782234,0.011556866688141118,0.1011989802545305,-0.0007625925002467165,-0.0021923877655968703,0.00019548703120561426,-0.00430609520181007,0.007604245203593361,-0.006656581835358929,0.01806584831416438,0.0066228389746738215,-0.0011286623355196504,0.0012045681386521994,-0.00041132794503484396,-0.0005944876013802451,0.003972450298389272,-0.0010582373274818325,-0.0031637663260029114,0.0003581222204224233,-0.00046660011611734774,0.0006205625954987457,-0.0011890923021694892,-0.0007990357222631857,-0.002696607558610989,0.00022719361051647534,
0.027950339652555396,0.003268452931986065,0.006668068021858605,-0.012052020306997988,0.013345728589826817,-0.0227945643243947,-0.016531533510100532,0.004922016800373916,0.022067934578426943,-0.02026149272443839,0.004900296657643518,0.0292603799995547,0.030104689028741645,-0.03019880920340046,0.006116345377998824,-0.022334071811297446,0.06401529317226658,-0.030785363821370773,-0.05747290197434345,-0.12549356995439012,0.0623919080148594,-0.010613478304373288,0.00479680494835131,-0.01992993915721547,0.05203731912057869,-0.06769394321592054,0.11218528640508281,0.06694888756006699,0.011452609881976284,0.033084290114721374,-0.06629644588717301,-0.03745119250542348,0.8213577595996794,0.01876310267215682,-0.6580687072229808,-0.019642467466074516,0.031894870314773664,-0.10623671410189843,0.1249111363699543,-0.0448283232743726,0.6756380819889668,-0.0867010966596171,-0.014672737491468132,-0.03401724554806855,0.07467721308627172,0.03841063824351003,-0.6693803883805212,-0.15143188633838903,6.303993095110934,-0.002455435271764806,0.0007764381043354037,-0.003058380918272739,0.004128306817481261,-0.002776858235776853,0.010189654842974433,0.0028121607019906862,0.001979021494409674,-0.0002220464440493204,0.001654414894157901,-0.0007834882493851145,0.0024009661396423992,-0.0027738818528949966,-0.0014899477884386194,-0.009336905281883575,0.002685274657790992,-0.009665342149226945,0.010368308315220584,-0.008707271871204104,0.026959781833667915,0.007692499088066096,-0.0010344114247095404,-3.5996737764211226e-05,-0.002299263602203182,0.003875391518944552,-0.003592089626044345,0.009345337701381401,0.003424929657299493,-0.00018798306599182848,0.00021326534714456052,0.00038538393007791875,-0.0010796571172444083,0.001075252601103563,-0.002461305419751762,-0.0010675022601386124,0.00017667862286611303,2.164729395381273e-05,0.0005075950183565276,-0.0009346480259386119,0.0008083607473520617,-0.0022203461109645516,-0.0007995626618092287,
0.02787558197073879,0.0021807477136822112,0.0077936703519172965,-0.012297491293926377,0.012218346428107967,-0.02450027653740672,-0.015424123551164334,0.004263900758765577,0.01956848672526588,-0.01792967436694701,0.004327136890587349,0.02579821047768805,0.02657227760400758,-0.026873037296428034,0.006769250270452095,-0.020072763884004637,0.06414074095521115,-0.030039501782108614,-0.05928658110877982,-0.12379732494830369,0.06462780563936238,-0.010742837693869566,0.004498510572617652,-0.019481766793493352,0.05329578825695013,-0.06984283212309254,0.1138503985632168,0.06899269439904424,0.01088832212579341,0.029082446179783325,-0.06783206220144132,-0.04015470037655748,0.8207739954115624,0.015149120061192867,-0.6570804941902552,-0.020650833357378603,0.028806411999231174,-0.10488732800426125,0.12605135837919512,-0.04740713860328949,0.6753602794440001,-0.08469238386787688,-0.014197315228066384,-0.03010126897093503,0.07638742417509271,0.04111505898277095,-0.6679897369782529,-0.1478592318574568,6.303424281608632,-0.00014243621744658357,4.906498311579102e-07,-0.0003819743533797984,0.000701955559083763,-0.0005863765990459819,0.0016585538781457457,0.0005831472183589741,-0.0002110641154627988,-1.1034801666891473e-05,-0.0006178240135719596,0.001155933190271572,-0.0009824947335974952,0.0027257488797320407,0.0009742741754742534,-3.733431916765164e-05,2.25953258198946e-05,-1.3212395658899703e-06,-3.671253773820687e-05,6.23366344909778e-05,-7.640530484854342e-05,-5.6760599098197536e-05,-9.250475610029813e-05,-3.490103942612117e-06,-0.00026484550756896466,0.0004933511767069868,-0.0004175234536069786,0.0011639157990559108,0.000414328216757938,4.321361415303794e-05,3.3539258408495083e-06,0.00013129053120700836,-0.00024737114153522384,0.00021155563531238296,-0.0005828701661952479,-0.00020957953239962633,2.9307472621934352e-05,1.2593255349311186e-06,8.458303640076504e-05,-0.00015781015816514817,0.00013375094982051317,-0.00037224138385595217,-0.00013269564404637187,
0.028165138353103435,0.0013556632502082096,0.008685361313355865,-0.012309688417374539,0.011144413586715106,-0.025642893463562112,-0.014402425223661213,0.003777213910088026,0.017992742025392573,-0.016568774500184635,0.003858098158658762,0.02389540832100165,0.024220957169919805,-0.02517448602132534,0.007107041274598066,-0.018744974036041223,0.06832293545116648,-0.02666303414206601,-0.07439080360344752,-0.1217416296442002,0.08039820578465091,-0.010803514718874575,0.004306164327640163,-0.017284902212665227,0.05556208700614155,-0.07611386084439736,0.11537638677460019,0.07545767286049888,0.010994652544868196,0.026584691812196002,-0.08139961350406599,-0.04987667076764998,0.853821431554292,0.012108382051776605,-0.6904629230352588,-0.021333757456530662,0.026910194713042575,-0.10470124356581764,0.12604453822894296,-0.04302896804555529,0.6741615817609499,-0.08935202636755217,-0.014394682405906696,-0.02776617884605073,0.09019901112966838,0.05087348534512966,-0.7000272266663082,-0.14482236387265746,6.337447118582541,0.0,0.0,0.0,0.0,0.0,0.0,0.0,0.0,0.0,0.0,0.0,0.0,0.0,0.0,0.0,0.0,0.0,0.0,0.0,0.0,0.0,0.0,0.0,0.0,0.0,0.0,0.0,0.0,0.0,0.0,0.0,0.0,0.0,0.0,0.0,0.0,0.0,0.0,0.0,0.0,0.0,0.0,
0.02852858223597903,0.0008534976573733237,0.009627676678969774,-0.01196780244224862,0.009288723324094264,-0.026296922330479148,-0.012557281393641935,0.0034955420599857923,0.01675725824308128,-0.015697570238746898,0.0032422117878013,0.023204438952314794,0.02219678325367023,-0.024710113678815242,0.0073517860999283815,-0.017844365417680353,0.08027053412278697,-0.018572812200547077,-0.11317192900046451,-0.1197958426292535,0.12037928316931717,-0.010762488926853551,0.003959293915301873,-0.012039605422205451,0.0597528386876332,-0.09173259572807345,0.1170018760573313,0.09149396277913127,0.01105376884986642,0.02528797739677873,-0.11735868913207136,-0.07340653053130687,0.9561391656794809,0.008863118967020009,-0.7945454713595514,-0.021834830121052848,0.02531313440529519,-0.10770782910714513,0.12431650564046207,-0.029271094615838676,0.6734293131851955,-0.10357750874639575,-0.014520607810075963,-0.02665202689874032,0.12643238654978378,0.0744071914387717,-0.8011912621791992,-0.14167516932700522,6.442110167818745,0.0,0.0,0.0,0.0,0.0,0.0,0.0,0.0,0.0,0.0,0.0,0.0,0.0,0.0,0.0,0.0,0.0,0.0,0.0,0.0,0.0,0.0,0.0,0.0,0.0,0.0,0.0,0.0,0.0,0.0,0.0,0.0,0.0,0.0,0.0,0.0,0.0,0.0,0.0,0.0,0.0,0.0,
0.028515578948114885,0.0008750886506008334,0.010109404316439235,-0.011228777469395884,0.007266995136670641,-0.025775290618764612,-0.010563420321132671,0.0035796092787807672,0.015649736393275417,-0.014947099121812536,0.002416662605223386,0.023207354299728422,0.020040953882874045,-0.024923389541336768,0.0070836357395535786,-0.017047037269737043,0.10272379563360827,-0.0031164208583339586,-0.18552157823538692,-0.11626228146950487,0.19446460689696946,-0.010498577416146638,0.003330856560806724,-0.0017191694267986643,0.06636951749814296,-0.12244727837202175,0.11732266608367123,0.12272017979857286,0.011382131736112982,0.02490463044366297,-0.18536961780249026,-0.11810776626245688,1.1610090958590513,0.0029357686225919347,-1.0025373944012936,-0.021379393416901434,0.023470110950150603,-0.113353586411177,0.1188422107742881,-0.005372539514911736,0.6688208011646305,-0.12836305009514412,-0.014938443410784926,-0.026431061743423634,0.1945414536671021,0.11885621319562298,-1.0041211238791046,-0.13614896971737092,6.64983721164782,0.0,0.0,0.0,0.0,0.0,0.0,0.0,0.0,0.0,0.0,0.0,0.0,0.0,0.0,0.0,0.0,0.0,0.0,0.0,0.0,0.0,0.0,0.0,0.0,0.0,0.0,0.0,0.0,0.0,0.0,0.0,0.0,0.0,0.0,0.0,0.0,0.0,0.0,0.0,0.0,0.0,0.0,
0.028201423381277162,0.001461794410891177,0.009312535297168462,-0.010625388971624855,0.0078053508060854865,-0.024067484863064217,-0.011201812816044746,0.004036478794964472,0.014443597579063897,-0.013318734161652768,0.001780164872221688,0.021201454009282226,0.01735458809726333,-0.023069184723448703,0.006236458870348345,-0.015337758014441923,0.11110991307837109,0.004412030062118914,-0.21353464004878792,-0.11141346436426225,0.22344905648323324,-0.010075949826508127,0.002665811571322654,0.0037847740753506345,0.06856586837373874,-0.13595732756737328,0.11498191147658945,0.13621935770755939,0.012323457051281711,0.02282112251444073,-0.21192669920908144,-0.13716583942329094,1.2338010953175562,-0.002866063136567029,-1.0758078997087122,-0.019923981963198098,0.02067040201849811,-0.11212573257905611,0.11426421508197003,0.00034601927968997667,0.6581495937091274,-0.1350613536230764,-0.016011734255364646,-0.024493229633353982,0.22137855993192296,0.13756999510967113,-1.0752810420965477,-0.1311586343938894,6.723097321138364,0.0,0.0,0.0,0.0,0.0,0.0,0.0,0.0,0.0,0.0,0.0,0.0,0.0,0.0,0.0,0.0,0.0,0.0,0.0,0.0,0.0,0.0,0.0,0.0,0.0,0.0,0.0,0.0,0.0,0.0,0.0,0.0,0.0,0.0,0.0,0.0,0.0,0.0,0.0,0.0,0.0,0.0,
0.026832762238865864,0.00351876968981453,0.005536916265618007,-0.00925802375571937,0.011948845678177424,-0.018037864379326553,-0.015639797929930803,0.005461762109610089,0.01214176189213861,-0.009379115013866022,0.0007934831901344743,0.01589457743665434,0.01176750789515562,-0.017802879196946855,0.003293112873060119,-0.010898701050956906,0.10377348787207306,0.007154181171469573,-0.20204409256005815,-0.09842889751017142,0.21228756089081283,-0.008844529360598872,0.0014660325936076168,0.006951311938173187,0.06641380312903916,-0.13606897152317798,0.10767158786475649,0.136289552297416,0.015243562018925223,0.017074883200906103,-0.2010738985410072,-0.13692202495181088,1.1962154974605703,-0.014700593000691048,-1.0373629132034345,-0.014990900580022544,0.014272608106704188,-0.09849613672440717,0.10741540404670097,-0.012625710029324907,0.6308036830488525,-0.1224503588988968,-0.01915098216886443,-0.018829181670780192,0.21102906771882204,0.1370920255263481,-1.0368248575874583,-0.12019706631887152,6.6854023628791275,-0.0004387900707677817,-8.370660359017962e-05,-0.001658614953622573,0.004161387697933586,-0.0033514659836663815,0.009053771097568275,0.003522712416881427,0.0012511572746243507,-1.54779515104269e-05,0.0013251198436768337,0.0007240838529674484,-0.0005686045951338008,8.295690624431989e-05,0.0013845509150947702,-0.005347180534906703,0.0005796275969287598,-0.004259629709503371,0.0023720856060898783,-0.0026233569205325515,0.007800894032429434,0.001467643846888082,-0.0002437981820176074,-1.9447472309287677e-05,-0.0005232337598834476,0.0007729135111396201,-0.000621807826714207,0.0018832181430995844,0.0005460406248721615,-0.0004726086801676802,4.457228746460374e-05,-0.000413384365152959,0.00024379804018951495,-0.0002528178527836151,0.0007893817987552303,0.00013732283204593977,0.00010392288078817414,3.375651660036306e-05,0.0004307235201499166,-0.0008390559528725051,0.0006594616017656383,-0.0019259837466653567,-0.0006369792374520508,
0.0047701063074759974,0.0009556632591965657,-0.008908450768091838,-0.0028444200477009086,0.022244069806980748,0.0052305663366304074,-0.023939558619006693,0.0009436816422508439,0.004266741081136515,-0.003970565277391191,0.0006545571383029425,0.005671443670923663,0.005373315100709281,-0.006380377924452863,-0.008886216984687008,-0.003947099387784916,0.0834808880858337,0.016267129446998763,-0.1830964880460261,-0.06194033598236742,0.19287632314657327,-0.0028633534631082765,0.0006558758406443596,0.016407259031268655,0.05600709987181519,-0.13194817059570585,0.07994739506132749,0.13219156121893957,0.022248695417435037,0.0056259283131129675,-0.18330920373208232,-0.13180087212106453,1.1379227736097457,-0.02465240899025025,-0.9786303199096942,0.005174258217302006,0.005352333110211996,-0.06169730547070034,0.08009864420114077,-0.0251380142876298,0.5453926330389351,-0.10904418256698208,-0.023937960400789587,-0.006335452875123933,0.19310201586810455,0.13199071133824222,-0.9785625015080844,-0.10963640804151004,6.627182051127091,-0.003989172189912843,0.0025964344034472295,0.02599677003910557,0.017454850907568917,-0.019761066759170227,0.0027841879022197187,0.041652010522278446,-0.002483498811594587,0.0020501636368311467,0.028823134043960613,0.02343674084581029,-0.015654239028660033,0.01071197989397844,0.04362382700833904,-0.004421482635026522,0.0020244946308029537,0.004573061544009446,0.009346194107694357,-0.032688084239256156,0.010637690951532042,0.03158673738102094,4.7316095682078524e-05,-2.2717314509046464e-05,-0.0022920454977147934,0.004455884186970344,-0.0045879025670793805,0.010239289455499578,0.003957194725092098,-0.00043964779238313327,0.00020001155882718393,0.000963166707459041,-0.00021244673445413684,-0.002057902116381608,-0.0014812078113090475,0.0020584437943718154,0.0002959786361370818,-0.00023469792100394408,-0.003087682221984254,-0.0026113068688687524,0.0018863344637389881,-0.0013181886616070765,-0.004877922679985305,
0.0065781282838404745,0.0015771500059011067,-0.006901244527005265,-0.002813121864377689,0.018467284727316582,0.0032546416449051705,-0.020368824935600334,0.0013758298316779085,0.006932414076864681,-0.006103316534914511,0.0012130829842577375,0.008094748922177548,0.0086064672261911,-0.009305482632971016,-0.006659503064988797,-0.005911836272611481,0.08726770170321028,0.017406886370636185,-0.18760719930377426,-0.06254866378507085,0.19781351304391104,-0.0028644279357757417,0.0011850617480797464,0.017517497298520833,0.05259833427074981,-0.1250226210486662,0.07258907913480336,0.12564714589988896,0.0181638895528287,0.007850544045242365,-0.18776451099429875,-0.12500781658246352,1.1115803090533332,-0.010468193308029505,-0.9522470562176707,0.002914321012027114,0.008383428850753537,-0.062385099163956466,0.07270993549170664,-0.010620106418865929,0.5313065377365616,-0.12323705535281289,-0.020026666778681625,-0.009073919456010875,0.19803823687804767,0.12554850420639135,-0.9522204964329551,-0.12360045026361091,6.602593668226213,-0.0032078274042643537,0.0040603124694664015,0.01587022868658794,0.017157710104792015,-0.008951260570741382,0.013202714329085301,0.027053904361224047,-0.0014142958095258375,0.003824438937837505,0.033600196958045093,0.026189829343032975,-0.020309075787945746,0.010894836165908679,0.051352821727681165,-0.006724168413931816,0.003475728210636573,0.0034511321829029645,0.008701187734600227,-0.02713555226233772,0.01046647014130197,0.027104342100772734,-0.00013195622994556855,-3.146070980540646e-05,-0.002087754552956152,0.004001779597222333,-0.00405119269454783,0.009135037164085811,0.003494238438194133,-0.0006235315191964399,0.0003414503771831556,0.0008252673063619114,-0.00015382346399578042,-0.0016846577163057276,-0.001232752139945361,0.0017805167949388055,0.00018905781271840572,-0.00043001066216947353,-0.003396233250132166,-0.002886840759200612,0.002157731747957185,-0.0015148698552539515,-0.005402666686173194,
0.010485699024598663,0.002111516995317262,-0.0046179725913360024,-0.003198428166766428,0.015520331658284718,0.0005384434959425548,-0.017981001282352374,0.0016985525962062372,0.007355137056804105,-0.006139485875071821,0.0012978552652345926,0.007804906575046763,0.00882885895217676,-0.009226183315128832,-0.0041307832691065355,-0.00579158092240395,0.08879733115574,0.017974930989790288,-0.18718242750965994,-0.0618065889869724,0.1972970339236057,-0.0032988601615329127,0.0012425626609286272,0.01817706757677091,0.05084835070205875,-0.12070621821578957,0.06857241480610785,0.1215356822148782,0.01492512018862014,0.007391245207386895,-0.1875527276808708,-0.12057777924505934,1.0820311562142213,-0.005103005395442471,-0.9213867673630539,-0.0001413283653771912,0.008421319260781476,-0.06151532663188303,0.06879194304867933,-0.005634514973077952,0.5216932746385918,-0.1277129699091137,-0.017298745700380022,-0.008844448130899688,0.1977795923308467,0.12128396754457717,-0.9213535074714987,-0.12856387016242415,6.572430032135782,-0.004213820872389585,0.00381967588785599,0.016525162615250857,0.01496456434083802,-0.007596208028043279,0.008734665922350041,0.02568470712725419,0.0001883850758187862,0.004389405451334114,0.035759822209306666,0.027406617187579165,-0.02438298126472937,0.011201639729295063,0.055827365184387676,-0.01122119599991829,0.0031736065948120744,0.0005985387831730078,0.010754472644446221,-0.025399353299278376,0.016574597142200945,0.026046943154474648,-0.0003780643711617827,-5.730790021786436e-05,-0.002037823926395799,0.0037901639965596135,-0.0037248083432031972,0.008616980826442952,0.003222786420067241,-0.0010000537846302092,0.0003211011618798948,0.0005613193937145504,5.870362977615173e-05,-0.0015418078538979713,-0.0006056185678832895,0.0017043254748512768,5.883439304073321e-05,-0.0004794268731998007,-0.0036206325201033973,-0.0029357615146263683,0.002489336269652516,-0.0014060644590347313,-0.005773049195526119,
0.010160676671073848,0.003474038358543699,-0.006641970941745414,-0.002919025658400835,0.018008869242761683,0.0028990764292769755,-0.020797608058903145,0.0030324838228047955,0.009484878033944636,-0.007807205450397387,0.0014052322932775999,0.01025672455042799,0.010880137355288548,-0.012380515787959762,-0.006100883290713113,-0.0074277043522255545,0.08998777215049733,0.0181184127199063,-0.18588623804960888,-0.06190845334054468,0.19672520605333949,-0.0030264157989691623,0.0013470815782180138,0.018396649918615154,0.050548165840694805,-0.11859901334342925,0.06761174415624918,0.11912268289487456,0.01735569517158124,0.00981640652179557,-0.1864332461779204,-0.11833791691421118,1.0565382321252774,-0.00388951177347239,-0.8946112453114388,0.0021532410698655163,0.010436844774624891,-0.06149274552391887,0.06790630334663145,-0.00481941127714597,0.5188148790164795,-0.12969654945450126,-0.020041484004101873,-0.011973337526585711,0.19738427836804792,0.11872752374454269,-0.8945495460590056,-0.13096141309589218,6.546772457425832,-0.0027642994685174224,0.005569377608029367,0.02988516858457593,-0.0033311368327295678,0.006278403128994623,-0.035935279734534524,0.015553951648366765,0.0002489971651682012,0.0052893453775960855,0.030133327873403514,0.03421910085272143,-0.028824929018870033,0.028898414949469448,0.058426842073192264,-0.009928777935308414,0.002931570740790249,-0.0010486914646245593,0.014510756659892241,-0.02865221760697586,0.02497168948287155,0.028568831109969706,-0.0003322448525882264,-0.00011961318854893616,-0.0019658146733017878,0.0038235716649999037,-0.003882562104889398,0.008534247724300743,0.0033482704872030093,-0.0008840064366207006,0.0003094208589973204,0.00035538358446866706,0.00046271754345592585,-0.0018577861965861618,0.0003413848489240086,0.001949631526789715,2.3119766792146634e-05,-0.0005948188758688474,-0.00334829327111738,-0.003193565644503941,0.0026042767105150365,-0.002156211767283498,-0.005780951867393386,
0.01123821474775874,0.0036771298998799933,-0.00663521213788887,-0.0032042080088785004,0.0183851054925282,0.0022961778019558237,-0.021451163918647397,0.00342379287589299,0.007653634281113216,-0.004766669893605463,0.0010997132521706585,0.005757993856144594,0.007218375725656724,-0.007611240208628086,-0.006358698741942054,-0.004566429556717432,0.08601064086145963,0.01811252634755713,-0.1758859237168555,-0.05664231566851985,0.18612675456856898,-0.0032847865408115857,0.0010603673624272184,0.01836776837989642,0.051351068802703397,-0.11831186922961445,0.06869907743068533,0.11838467731544287,0.018118126416046498,0.005556295412328867,-0.17636301412704275,-0.11805294949633408,1.0207620809100897,-0.0154927815088315,-0.8548639312161304,0.0018718800569049031,0.006970548220474034,-0.05623726326431345,0.06896266589914435,-0.016382789459816038,0.5134490451581236,-0.1181463700479655,-0.021120893710685526,-0.007429546124440203,0.18665478147342127,0.1180147540881909,-0.8547470202560615,-0.11927226700442216,6.505519696415051,-0.002472114404320423,0.004799055684558718,0.032300444701897045,-0.005313570188120863,0.004685316334161825,-0.04112729098267381,0.017299204174065535,0.00029099543441875536,0.004760202311861972,0.030420642356623343,0.03561630799789086,-0.030718436880381374,0.03106345316364203,0.06044447746363857,-0.011065241562253995,0.0012010677468658698,0.001942591281432431,0.014720435365884441,-0.03266152111346217,0.02220794156891496,0.033495621638715486,-0.0003905274871089092,-0.0001829426868580835,-0.001961949435372626,0.003977282382015586,-0.004051597116807639,0.008710712976909582,0.0035216076273459403,-0.000988986413843296,0.00015201358186455895,0.0005912940619773973,0.0005497295694215694,-0.002304896554967548,0.0002602694691217049,0.002471158476776781,1.1807657762501969e-05,-0.0005292209705722599,-0.0034015017369154617,-0.003303151870907326,0.0028196409700698036,-0.002306448176114325,-0.006002463284614732,
0.008498666279853934,0.0019176993332763355,-0.006709506859333639,-0.0031662121747751833,0.017849458494095194,0.0019604016133164537,-0.020281207491709894,0.0018018442539664329,0.009917715332561843,-0.00858149936805803,0.0016127410582320045,0.010374469606741927,0.011842272347059568,-0.012678086778764946,-0.006592033127905412,-0.008473253769610006,0.09084731691292752,0.017289654755361872,-0.17868073731816572,-0.06192582347562289,0.18984335401875876,-0.003217989736877462,0.0015914199112727085,0.017525408648053777,0.05225649230656761,-0.11696935418545669,0.0708124311112176,0.11637388009233407,0.017773233164914654,0.010267025875988623,-0.17910065592146893,-0.11671210503331182,1.0052262151102906,-0.011960221372619604,-0.8373282373428328,0.0017507535103033621,0.011706236004484652,-0.06154002875180405,0.07104969795656958,-0.012799956115159898,0.5208316518863461,-0.1235926743312914,-0.020173403105776005,-0.012576591191015684,0.19027642122541188,0.11602795129412509,-0.8371967675159151,-0.12459370581923992,6.488512019748756,-0.0035164722356979274,0.005950172016389841,0.029727151410519875,-0.0018550246732089264,0.002740981345977996,-0.03209261592631299,0.018989690706171902,-0.0011764603355912493,0.005130290704060176,0.029500567387460087,0.035020763337932935,-0.02787212943098321,0.03094154913757075,0.05785308162545036,-0.008935273230292263,0.005047186561147727,-0.00019930030530056824,0.014766163175341055,-0.028076186002141585,0.024812146792033196,0.02810981572068593,-0.00023359827777973442,-4.3375866644215434e-05,-0.0020060825656407428,0.003987082578131806,-0.0038365309960024705,0.008715563676281915,0.0032708320992362824,-0.0008133437892469858,0.0004931955183456898,0.00039897792276907763,0.00052458241750574,-0.001883057289959776,0.00045935405124487936,0.0019761798501566337,0.0001666089813470615,-0.0005791984006355057,-0.003240933890823842,-0.0033415643621543365,0.002612865453888422,-0.0025378493226893657,-0.005803074739628071,
0.007904193413113901,0.0011077106281299734,-0.006516439049854381,-0.003286160500388625,0.01747426820488604,0.0013188653190210485,-0.01970205646669311,0.001165454078099436,0.011128346467177383,-0.010341798787813173,0.0018473676693064485,0.012279006836198115,0.013960968812573006,-0.014921968150348153,-0.00660046256620833,-0.010368827254221969,0.09305431639725661,0.016865285558357812,-0.17823189737490955,-0.06386189113626566,0.1898643609090152,-0.003309106622021424,0.0018508380385212977,0.017079877655421877,0.05285616319657375,-0.11584319558372062,0.07199240260188658,0.11475734178915652,0.01764990724462201,0.012313523401756052,-0.1785753095989605,-0.11561987955643355,0.9870187702631297,-0.012025587691738835,-0.8169787751573035,0.001366252163855877,0.013990603609956668,-0.06349575699964875,0.07220236149131286,-0.01274570594257158,0.5232727432052251,-0.12478841079733774,-0.01988757066758466,-0.014944744348330945,0.190172748638328,0.114458032086883,-0.8168056544011152,-0.12560168190162638,6.468358332933154,-0.004136194724140523,0.006652142132932695,0.028911498161315066,0.0008413194135713444,-3.36106152452889e-05,-0.026204688968505706,0.021861517159071666,-0.0017064797915655626,0.005358245455525006,0.02941067721786,0.03395845680773227,-0.025880357982765737,0.029294874106329968,0.055936233570344815,-0.008704955839891127,0.006873310792739511,-0.0014459765542897659,0.015095491547917074,-0.025878082211301945,0.026757501693760698,0.025631073702305267,-0.0001942633150364734,1.951503944108288e-05,-0.002015299568418022,0.0039556115321924355,-0.003637997947234508,0.008609752259116669,0.0030715740668102298,-0.000795540450950801,0.000654538952909465,0.000303986102627835,0.000497963522950494,-0.0016507106546661825,0.0005378268711766236,0.0017201192629348473,0.00022207387663284218,-0.0006046015700759214,-0.0031750310292890153,-0.0033192835198286945,0.0024958323546795543,-0.002576963347693887,-0.005671169069546916,
0.010390753453857654,-0.001433034684541927,-0.001526037877533902,-0.004006166931324242,0.0113966028321751,-0.0049571794849648885,-0.013261333884822818,-0.0011527160087770182,0.014458091161028088,-0.016425318986149403,0.0025288931520340615,0.01959865838809947,0.021099914002262507,-0.02300436300944758,-0.0018770408704112285,-0.016624066945282144,0.1049501410620919,0.015460891093684589,-0.19026881675977508,-0.07705718235647535,0.20313507977781856,-0.003994585777115613,0.0025618059287985,0.015656898431597656,0.053291664050998125,-0.1132142199456444,0.07389057568923235,0.11170370442712978,0.011906644655727112,0.019807213995879532,-0.19052446816876023,-0.11303435065583727,0.9865198984067599,0.002861956637155585,-0.8158767927540425,-0.004578220724692226,0.021337870883951962,-0.07670374091803461,0.07407632237257798,0.0022839425821272884,0.538171101952504,-0.1416245453282688,-0.013838323367719507,-0.02317763341937603,0.20328956997856543,0.11145715672552237,-0.8156349993788147,-0.14221587711894745,6.4687549912496705,-0.005602490232782873,0.008317796457621814,0.025076642483992162,0.004377121944330136,-2.93509953148243e-05,-0.016065428539328158,0.021433588351775505,-0.0016708159496360417,0.005540397166464576,0.02988042398235282,0.03241895092560942,-0.024164474470649715,0.026362427975190394,0.05421761896403104,-0.013507956655865279,0.012384138681279265,-0.01157115280020678,0.016382182833970166,-0.012755656842958216,0.038973848591128714,0.01180483404719408,-0.00038362347831560315,0.00023232004998799942,-0.0024039582577254507,0.00396086098540453,-0.002998806880732132,0.008945142021013524,0.0024109015923923804,-0.0012094963336605204,0.0011325466079406407,-0.000564121246169295,0.0005645117442612044,-0.0004824550340191945,0.001526310736324469,0.0004891276786006898,0.00024258411647262964,-0.0006475849382785479,-0.0031436274036178574,-0.0032467283998321977,0.0023485488000106482,-0.0025012933685065793,-0.005509521251474589,
0.011260083425063593,-0.002354538230580165,0.00021742404236635158,-0.004245086425280657,0.009290527224900596,-0.007197087032129585,-0.011004499935217188,-0.0019887250029641326,0.014715275054559305,-0.017410563364074944,0.002611638740304394,0.020434476609421857,0.022127314272852812,-0.023976380729926704,-0.00023041995717956986,-0.01767767759927102,0.1077903511969418,0.015260401546530817,-0.1913396288787689,-0.07929874208637376,0.20451841115700906,-0.004221002313851519,0.0026562332768092813,0.015449244075747983,0.05335189059069622,-0.11192094616500488,0.07400178394087428,0.11018909311604819,0.009911648146663505,0.020706988088824534,-0.19156270425474817,-0.11175188674285234,0.974352225219649,0.004810403629782376,-0.8023843536440345,-0.006699265947076471,0.022449244070759065,-0.07895366371328465,0.07417735436493302,0.004282223216079242,0.5393749061921934,-0.14417187826879724,-0.011717630041196815,-0.024204851686310706,0.20461201294419198,0.10995961473950278,-0.8021194311455196,-0.1446751664730177,6.455641150400748,-0.006171252909170641,0.008392832201515169,0.023859787187374474,0.006737330542633467,-0.0020295259572658026,-0.010630349413006923,0.023272085135852216,-0.0016322756960038894,0.00521878155899633,0.03107222605815509,0.03128198816068367,-0.023900512252348065,0.023407792309602157,0.05419883499338074,-0.015178752327283105,0.013593645447636603,-0.013717483852526796,0.016504518810313583,-0.009445830026432131,0.04131265661243771,0.008559064024312581,-0.000445491640060643,0.000291308253257547,-0.0024928617131645325,0.0039217078755962465,-0.0027456984811969486,0.008919022978360712,0.0021598735494981437,-0.0013528095781368066,0.001232588339720834,-0.0007469894238207873,0.0005650617908456284,-0.00020626615507557495,0.0017211096888168655,0.00021556755519974306,0.00024863131423599185,-0.0006189703157063537,-0.003228472600939254,-0.003184746507779385,0.0023597063874184494,-0.002327900479467067,-0.005537537789589229,
0.009782520074543262,-0.0019181175628612524,-0.0015681810489871285,-0.003968789618263487,0.011196398462278337,-0.005126115090270222,-0.012868372761702223,-0.0016568960707429646,0.0125876908928302,-0.014405681089254918,0.0022637251150547607,0.01639779108787795,0.018471006894711022,-0.019514026459744028,-0.0018847360338850325,-0.014589854157794005,0.10274031079172379,0.01603929170326752,-0.1832931570156245,-0.07220883506786328,0.1960078671182071,-0.003959006964430447,0.0022952930384898965,0.016231457598046624,0.05316194214910439,-0.11173937079666704,0.07275913766168204,0.10992036820602938,0.011641081769697678,0.016580059066340656,-0.1835359217809827,-0.11156142032269449,0.9530072380117747,-0.0038903552085930416,-0.7790405018879155,-0.004787147971139826,0.018694871506571006,-0.0718708227799044,0.0729374053351691,-0.004434698651037756,0.529299848297551,-0.13501018772130982,-0.01338012427699796,-0.019663563364135335,0.19615517789207002,0.10967882554302791,-0.7788200065033982,-0.13556737144469044,6.431696123961013,-0.005889984202843429,0.007228963959202391,0.02552461469071873,0.007358045100465178,-0.005158959166101108,-0.010990119028044946,0.02672721188033175,-0.002077646745458964,0.004646212172388315,0.031961425457015864,0.030950974569970535,-0.024384756702020324,0.022073791164273562,0.05504385734005578,-0.01314960975285877,0.011446424554139535,-0.008758237572805683,0.015781197090208445,-0.014665745683856993,0.03527057363667931,0.014346885297358534,-0.0003419939757839744,0.00022744427274666167,-0.002303104155103381,0.0038566692011309358,-0.0028535388162913575,0.008584547366515764,0.0022802588512179354,-0.0011807880842690307,0.0010404122901826603,-0.00032554667467499785,0.0005140519871609741,-0.0006828890317226589,0.0012347485656422819,0.0007378149526865647,0.0002847635749663282,-0.0005465319609208856,-0.0033371589488062035,-0.003162683693637885,0.002454319453410479,-0.0021950364416652535,-0.005669159443412787,
0.0062053246451113766,0.0003342194752952096,-0.007218535919042663,-0.003196258401423572,0.017449263769163247,0.0015689067371206877,-0.019378576258017324,0.0004036066700611355,0.008185769508159777,-0.007358502750105151,0.0014094072820422137,0.007836068632415953,0.009998429626132838,-0.010018350278378501,-0.007301245054308346,-0.0073949438614857995,0.08987331190492194,0.0177898371773543,-0.16665911154443816,-0.05589581574591425,0.17809334517693143,-0.0032138134709760046,0.001418709618024954,0.017989365078138697,0.05284257369851447,-0.1127472254412749,0.0703601582798075,0.1109599187278448,0.01759803135853056,0.007867159612763082,-0.1669453863808828,-0.11255380869629004,0.9234038255002754,-0.02285179187941096,-0.7466579403524638,0.0016241622091339152,0.010047872902776785,-0.05556288405409086,0.07054583137409282,-0.023441820673604088,0.5083589036842817,-0.11456192394918724,-0.019543115110178273,-0.010037741690047338,0.1783484476933348,0.11069460024032583,-0.746510983606695,-0.115240314814519,6.397711615318128,-0.004640459543637321,0.004871105920036699,0.030081544848871836,0.00651231558849684,-0.009709458228612943,-0.016622658460697833,0.03211350077561285,-0.002708092416485643,0.003934300265343162,0.032488099068909745,0.031150414604547927,-0.025216751103655573,0.02195024576915272,0.056207665705402095,-0.00733073609660921,0.005480476017133211,0.003621708322989527,0.014273004661656352,-0.028568945518623493,0.020637024622539024,0.029467449407679678,-8.750588498905521e-05,2.479976350106458e-05,-0.0018336528901950952,0.0037676401398271937,-0.0033063134921168798,0.007940412552593066,0.0027653991503669034,-0.0006802392740686682,0.0005148578334957126,0.0007357399189718548,0.0004059336006247734,-0.0019213852982622537,2.3338771618162065e-05,0.002077751262797279,0.0003218079318223148,-0.0004415333549182995,-0.0034577956166583863,-0.0031673259915326922,0.0026053476218313933,-0.002092416051029009,-0.005862016940368618,
0.005027002065402277,0.0007647192932636986,-0.0086951320814676,-0.0029799114315689364,0.018881541421235996,0.0032618751572198405,-0.020819967974596468,0.0007838526362298768,0.006358432728184802,-0.005143987570259794,0.0010509523202110091,0.00530010156071752,0.0071431645101554826,-0.007080537336222124,-0.008717428221822332,-0.005144182916439155,0.08671867763196144,0.018370185124265245,-0.16182819770854795,-0.0511563238997444,0.1729141143866162,-0.003004415633125781,0.001054290551924047,0.01857376844285809,0.052761272911381656,-0.11256603706868992,0.06951076259202064,0.11070467576706793,0.0189541267037312,0.0052954834839076285,-0.16212744563842538,-0.11236535341551315,0.9090063003862275,-0.028132158435881877,-0.7306743907090887,0.003244298889483028,0.007148977929671448,-0.05082162600307704,0.0696990511369484,-0.02873875752280767,0.5014492342745088,-0.10893134868348682,-0.02089464545437404,-0.007070345785191258,0.1731985367221348,0.11043004200208431,-0.7305466981501431,-0.1096452139460069,6.381346975816551,-0.004411710543476063,0.0038271811714624686,0.032156428423698355,0.0056821121069640145,-0.010823779736937158,-0.01976587149458181,0.03383997983782499,-0.003007756321411627,0.0032974167668180982,0.03283363081867299,0.031447180849327794,-0.026021070711557605,0.022157423576724605,0.05717529267987759,-0.005659788254736099,0.0036154707134388384,0.007306494207413643,0.013904714001072058,-0.032340593893353115,0.01644688769786754,0.03370782451636697,-9.192328763691856e-06,-1.8965301231517725e-05,-0.0017148858719622931,0.0037376699824830753,-0.0033759833037227695,0.007740404661943745,0.002838403007723869,-0.0005363962691274527,0.00034575481588845156,0.001043918525963281,0.0003957790656572547,-0.002279517646466695,-0.00028565535227934545,0.0024719418209148115,0.00034513527150134576,-0.0003653375123229837,-0.0035188292893986997,-0.0031834969590140345,0.0026984211807123304,-0.0020669794532144604,-0.005977011234301457,
0.004544730898363537,0.000666258920901747,-0.009040886694942777,-0.002934984099820325,0.019088056650565986,0.0035676327486434704,-0.02095875411818197,0.0006813020458161954,0.005375902813426787,-0.004211121421176221,0.0008933880812534648,0.004208912694380694,0.005907352701256134,-0.005744493889477228,-0.009057246177290156,-0.004209538347008402,0.08576625459923702,0.018537562491529345,-0.15943504376184253,-0.04932067239206512,0.17035503241979022,-0.0029598268461312415,0.0008968905636041172,0.018741841351989114,0.0528354924570002,-0.11210620523058684,0.06932518725920374,0.11010847344676536,0.019151230094849054,0.004201403321994432,-0.15973264318064762,-0.11190546691832626,0.8979585088937015,-0.030479413504771236,-0.7182046397304909,0.003543658772631281,0.005911861454134694,-0.04898627513344677,0.06951240129393811,-0.03108049527150889,0.49854942236640376,-0.1065481613383457,-0.02102315797520785,-0.005732408992078818,0.17063937316382233,0.10983376553397642,-0.7180806279199644,-0.10725774851756752,6.3686568817141795,-0.004470764655274127,0.0032668210046656373,0.032995087486172754,0.005593144250531581,-0.011533681498158364,-0.020488455863378396,0.03488251316314889,-0.003238164405209478,0.002823778525069958,0.033030869943719066,0.031533472355300705,-0.02644621833575569,0.022160154611449222,0.05765614882301504,-0.0051768835032861005,0.0030108013677119906,0.008663667221779543,0.013839663268453466,-0.03353378153038457,0.015059464381048203,0.03513130919458382,2.0833224181004915e-05,-2.1527629204856114e-05,-0.001679605699712701,0.003720542812904643,-0.0033543438575611255,0.0076451322327945985,0.002814812891627875,-0.0004954391668780357,0.00028826807816966,0.0011523626640442658,0.00040472423451960276,-0.0024061147315138855,-0.00036589764803253,0.0026141549300918326,0.0003668543098315225,-0.0003122972520247159,-0.003546423407968012,-0.003192761445387291,0.002750331005285576,-0.0020624411557818734,-0.006036706700635604,
0.004266870202295831,0.0004200285345307881,-0.008995893426975599,-0.0029556625976939663,0.018942178679468756,0.0031104053824169554,-0.020585252132609318,0.00043935015497900947,0.004703654584303273,-0.0035134573633925402,0.0008412247961460184,0.003256643483649669,0.004981373784706591,-0.004538199246285782,-0.00901777503224262,-0.003519799615170792,0.08454895646336456,0.01912003626586474,-0.1577204003469975,-0.04416020526858174,0.16727754802382958,-0.0029769585228665474,0.0008413064539926616,0.01930412276283467,0.051486010592603555,-0.11026708505040098,0.06529338244384783,0.10871093400912275,0.019068789665612273,0.0032687526580257938,-0.15846348943022537,-0.11007888758277926,0.8865386661179402,-0.024360264993804982,-0.7079100077791729,0.0031271119979182473,0.005039903446648008,-0.04423335080568375,0.06602233045467365,-0.03069372793860885,0.46359884879606456,-0.0962783290939782,-0.020700157753724666,-0.0045634245581345914,0.16794832044238997,0.1082507249709428,-0.7054423409804521,-0.10081296709746289,6.353405414221142,-0.0020590141526638604,0.0027669976673734865,0.019477727423868024,-0.008117051641560022,-0.000803846621704142,0.10643649692999135,-0.04047837025498543,-0.004352730164042976,0.0026172283151525513,0.03864363223029181,0.036092020875236004,-0.030257494559816186,-0.01956091824294811,0.08322059391391255,-0.00543852943623628,0.002780949308267043,0.011550909779023517,0.01600947397767423,-0.03765790851894784,-0.00021660272581831377,0.04686310221302544,9.683543848959616e-06,-1.4552006425528198e-05,-0.0014591094192792891,0.003724939085380728,-0.0034503576466113784,0.006490861732230222,0.0033674617782490884,-0.0005429365571702592,0.00027193661011158866,0.001561269110610929,0.0005856608513476774,-0.0027701015895271824,-0.0026441135319851595,0.0040561938758241186,0.0004436556120538188,-0.000288126486405412,-0.003947594390443791,-0.0033822598478544996,0.002934744830627501,0.000307235980586539,-0.00742519861351996,
0.0036066423928240053,0.00047720448751217614,-0.009465500332103282,-0.0028850117029092536,0.019110215827658553,0.0033525026856679064,-0.020660137532587726,0.0004848169628977294,0.0036389377584438386,-0.0024438886848515934,0.0006399050451107202,0.0021020469458069464,0.003489954958156497,-0.003092864316199783,-0.009473442122044564,-0.0024507368379198618,0.08253187118867314,0.01933818557230541,-0.1524904151879181,-0.03888421336125786,0.16166124701950962,-0.0029079485920622513,0.000636562531317663,0.01949559154468478,0.05262455261065329,-0.11433883155031326,0.06390460780218862,0.11271682117517634,0.019182743562322833,0.0021322794531924887,-0.15288561835166503,-0.11425932705357024,0.8733045844641744,-0.04538475619182212,-0.6931309239839792,0.0033881902189033327,0.0035838609316497863,-0.03979710973916903,0.0674187368469989,-0.05346924067168451,0.4280201149049665,-0.06665660757862095,-0.020746003142593724,-0.0031496627299184956,0.16241201672565375,0.11129347076186208,-0.6900352879889947,-0.07509147937013118,6.334758688727975,-0.0017102535295620252,0.0019560689199690545,0.016414574465696875,-0.010000462882318885,-0.11084961302222068,0.018882575378160432,0.05317067652926213,-0.004726375298918948,0.0021818699290110117,0.04074013668576267,0.037399004844283726,0.0024534460296934085,0.00809152921447744,0.05624791828066337,-0.004635670953715769,0.002083218904549138,0.013542185880935328,0.014370017032989983,-0.024515715989960073,0.005699072982742819,0.03555844373582267,6.120943040451235e-05,-1.9181219037208898e-05,-0.0015250362949093012,0.003657143127490981,-0.0025786278349471427,0.006167301211172404,0.0028391273246785925,-0.00047694896104728937,0.0002016510503877281,0.001745541536447273,0.0005512547991438164,-0.0009351224700970622,-0.0016721974620412382,0.0026330859807308735,0.00047299410568797147,-0.00023748410528762816,-0.004087643796961752,-0.003467000393867977,0.0014645066032111804,-0.0012243188377802955,-0.006159790989348478,
0.0030810231157578005,0.0004085953375813778,-0.009870011692930213,-0.0027437156086579156,0.019466531654722206,0.003932271533222862,-0.02091586188601594,0.00041112705751424647,0.002735918939115615,-0.0017772956278505382,0.0004806039588916838,0.0015559489730339459,0.0026148076604228937,-0.00230628855892577,-0.009871140245594878,-0.0017789879440206306,0.08271710103489417,0.018723124006340283,-0.15314418429358834,-0.04040611137015731,0.16208829566563596,-0.0027680074666785706,0.00047525949168798,0.018890635100668803,0.05387218200683264,-0.11274551340237146,0.06916580961207618,0.11087587487740261,0.01950540199889678,0.001578983614105289,-0.15337717389423042,-0.11263188844114691,0.8667980148098456,-0.048431726429459816,-0.6858289594442845,0.004015416155884781,0.0026724976424102953,-0.041672057757598135,0.0731893201370293,-0.05377470990763198,0.4431897699758509,-0.06655030186261074,-0.020998246364438377,-0.0023472693165962864,0.1628891769006445,0.10923814817759983,-0.6838668512268794,-0.07380583645267974,6.328035819293581,-0.0016075644534360456,0.002004385510834036,0.010104179682529824,0.024485700738135788,-0.18928016361883157,0.07809846079824019,0.11431394276516588,-0.005009225281876289,0.001463324313738548,0.04345014088426896,0.026092546013556248,0.026548958923364552,-0.010970708629708413,0.03744827204674483,-0.004014074196739901,0.001445369349150539,0.014968895357521897,0.0104884655738939,-0.014941664546908066,-0.001257083487891376,0.028456550481439885,7.945779446324317e-05,-2.012438532786125e-05,-0.001368734968161683,0.0034790021498660438,-0.0028108218221040357,0.0051858075399645615,0.003179945907229689,-0.0004247585081767009,0.00013721753057093842,0.001921640095169622,-6.405704341065628e-05,0.0005786384476075263,-0.002850315995571018,0.0015340191765002157,0.0004959455474148378,-0.0001696543463226816,-0.004225096652845984,-0.00296831578554828,0.0004879557977020423,-0.0004702166412904601,-0.005364224555598329,
0.0028098086533216993,0.00030824843562613435,-0.00998902098985647,-0.0026902101183524083,0.019539762359631507,0.004127349366976243,-0.020948134373997545,0.00031072033453312706,0.001988420426005156,-0.001218277717854036,0.0003525279723819057,0.0010237966285901378,0.0018438551489837766,-0.0015688704144418799,-0.009990023742997994,-0.0012190873672444278,0.08227890240964719,0.018582606918940033,-0.15263715715547124,-0.04026168617237775,0.1615750429992685,-0.002712427888845504,0.00034928443968956335,0.018739039191261242,0.054097421923157474,-0.1121328156036425,0.07011673617262636,0.11031003899078332,0.019570705552372256,0.0010368768278179621,-0.15282637208501657,-0.1120208598732432,0.8649034024106118,-0.04774247803812333,-0.6839098457867386,0.004212979345299284,0.00187789348468209,-0.0414023527418655,0.07383211068528583,-0.05216121069860203,0.44957847184868543,-0.06925629255008516,-0.02102432393855794,-0.001592453015635789,0.16229073695126436,0.10879265676045612,-0.6823093574162153,-0.07565551312106948,6.3270535257602605,-0.001456576720825134,0.0014420861751554999,0.008366673930379303,0.03071134841385821,-0.18410080136501106,0.09273095517494713,0.11223793954757898,-0.005179316265760764,0.001082739451394367,0.04403313794507398,0.02460426403830429,0.023994147889094215,-0.014630135385693993,0.0390335592226741,-0.00377502299460303,0.0010251147257084837,0.015702986547600085,0.010253576296949963,-0.01692601725796908,-0.0024014818980160222,0.030046636996711687,9.479846779907957e-05,-1.649141026804098e-05,-0.0013618143937233736,0.0034952291935708927,-0.002886502075710261,0.005297452415923796,0.0031905778472341856,-0.0004058671975206513,9.805341487146668e-05,0.0019984605413133605,-0.00013103432461474167,0.00034138900307121195,-0.0030331659531373724,0.0016970349623011893,0.0005093035139913851,-0.00012548896471622112,-0.004250050094437392,-0.002952940522459173,0.0007906061893219619,-0.00041962485545384937,-0.005570649514793071,
0.002423277471680538,0.00016094679572706982,-0.00979606586190667,-0.0025628818132304044,0.0189966657447707,0.004207297201460068,-0.020334395198261395,0.00016285090165603624,0.0013267774754878849,-0.0006723687110322565,0.0002721923723587819,0.0004037720386967677,0.0011703159977392967,-0.0007508422189072615,-0.009797220936435064,-0.0006732501839978747,0.08104121839719358,0.0182589468428927,-0.15032836944416536,-0.03994187527612471,0.15937552055027449,-0.002578586699877867,0.000270917170521636,0.01837343643736355,0.05425785062418344,-0.11202797186141035,0.0708599393354464,0.10999919333654178,0.019021387588385997,0.0004103203438996872,-0.15047930097553125,-0.11201597855370289,0.8631042973505244,-0.04819562038008697,-0.6817964716500557,0.004276780570860616,0.001187563820274518,-0.040770413015945695,0.07369594497349244,-0.05210050745097588,0.4587804625714631,-0.07276382372040646,-0.020393427750935306,-0.0007622919469554481,0.15990404701093133,0.10888585488526487,-0.6802884573508271,-0.07797088597225947,6.325983629099807,-0.0015893887144349875,0.0008859886320382354,0.010471301423880402,0.024549963320279016,-0.15733568248786708,0.07748617866851952,0.096051351270049,-0.005111304380432958,0.0008254679599576999,0.042848315310598045,0.026974511947210792,0.015801667146381527,-0.008711171358352464,0.0440225070711498,-0.00337773975055756,0.0007480852979681445,0.015584125015676211,0.01123097687470545,-0.020881275724757117,-0.0006014520116476298,0.032706099381010524,0.00011205799686293154,-1.1887206821249103e-05,-0.0013755730487580978,0.003516053506441552,-0.002828953494356238,0.005768852203797599,0.0029888199460875575,-0.0003679255449100949,7.288799617158421e-05,0.0019556961919413134,1.7611377198718577e-05,-0.00026014986979534235,-0.0026178776758433793,0.00204469994913396,0.0005059049222919657,-9.260860209399431e-05,-0.004182497005751362,-0.0030844019950481225,0.0012133114984670924,-0.0007236613172713877,-0.005843537908860555,
0.0021693640893276933,0.00015395972287371172,-0.009633375487197346,-0.0024037823607110523,0.01849067968656779,0.004360727280544648,-0.01979502770238538,0.00015512148618197284,0.0011351016058121363,-0.0006003431892739607,0.0002174868792957144,0.0004075158378374757,0.0009954215016500286,-0.0007109479578378645,-0.009632778700187026,-0.000600722781741395,0.08054876675847075,0.01765950868752213,-0.14896065762748048,-0.04069551966659823,0.15814998072914838,-0.002418629113684751,0.00021668847538600566,0.01777449796020516,0.05467077148105092,-0.11159229103591106,0.0723827137724218,0.10943167901384994,0.018517020923556782,0.000410379592904809,-0.14915662931154422,-0.11159693625621357,0.8638909493536444,-0.04649474912467372,-0.6822144242608283,0.004413773577019553,0.0010071082838758632,-0.04131391170017066,0.07470657159413341,-0.05018103659498687,0.4682686509643865,-0.07660491551041808,-0.019847154904015715,-0.0007176656368162053,0.15862779490838227,0.10851839060824178,-0.680749550052376,-0.0811799856889588,6.326846562625735,-0.0013697811839901192,0.0006471023404408042,0.009585661704130562,0.020143313376217848,-0.10072937449805651,0.08536049958564532,0.05461541595085036,-0.004995459920726382,0.0007126462549606531,0.042223990807628106,0.02906548247188211,-0.0028307841799261055,-0.009391724006958447,0.05740799537145516,-0.0030914786984000647,0.0006204769658588426,0.0156900390409282,0.01142934723694545,-0.02700134239200291,-0.0024871694385007253,0.03721480800075318,0.00011889299096392324,-1.0108052218242653e-05,-0.0013710897549320052,0.003542325665793846,-0.0028969854157667183,0.005985103041998387,0.002974658560366573,-0.00033855343358744845,6.094401310849667e-05,0.0019305926715555645,0.0001325256348806339,-0.0012929917526341521,-0.0026310521114581847,0.0027721645668291,0.0004911975379415736,-7.791875184090263e-05,-0.004109430092267017,-0.003222369433433288,0.0020366908619171213,-0.0007826661926652899,-0.00644049500959222,
0.002107465753178529,0.00013796302295301151,-0.009377490371583037,-0.002290402349217008,0.01795897926281832,0.004332606757002748,-0.01923798522672507,0.00013993042448492475,0.0011624446876182934,-0.00025279657098635895,0.0002863033790800226,-0.00022598534980028092,0.0008105618140657262,-4.9977730848802714e-05,-0.009376483698911343,-0.00025453659254402776,0.08026876716462088,0.017149804708070957,-0.1480514003526275,-0.041323133446170196,0.15719530826497874,-0.0023060252769576475,0.00028675266497497415,0.017279055360723463,0.05514979686918929,-0.11139274776417724,0.07385122109973076,0.10908111222477161,0.017992492209621548,-0.00022433804549021796,-0.14832658601356274,-0.11135384191678532,0.8646160632910793,-0.0458096530377477,-0.6821442600147658,0.0043667760031678065,0.0008203356468914892,-0.041750081046888356,0.07573401921961709,-0.04951391602063221,0.4759950132869592,-0.0789630045591473,-0.019288034507580962,-5.411263334100895e-05,0.15766457488260202,0.10830029357787739,-0.6806882331718086,-0.08311869489794509,6.326829091163038,-0.0015575988182916095,0.0006767160199753505,0.011871948291870991,0.015212068634568518,-0.06709213218344419,0.08273135513479832,0.03124056341574236,-0.004659378852334095,0.0009067389293888944,0.04035377111854729,0.03212416945710915,-0.014900293597054184,-0.004894850653361868,0.06553500103709392,-0.002958743606785675,0.0006672104968642489,0.015122822275289985,0.012302956134639347,-0.031075903156013666,-0.001629398754290494,0.040038521365631935,0.0001149643791425642,-1.7607370682743306e-05,-0.0013753451746356701,0.003587982389013055,-0.0029152034720823197,0.006174264758958789,0.0029628587198341993,-0.00032103760975272204,6.758682291028793e-05,0.0018406285678655568,0.0002873898547872933,-0.0019688114424093106,-0.0024340257303880988,0.0032343444894765852,0.00046059465193526726,-9.576639676782621e-05,-0.003953545760362147,-0.0034466399415045705,0.00256298087884788,-0.0011422115276211824,-0.00680807861190093,
0.0027915006474232484,0.0014488491552920235,-0.010922955318932663,-0.002263866179198278,0.020192783827103624,0.0058236698696992675,-0.022001592233519416,0.0014530513537704282,0.0064956540525550055,-0.006000460094672849,0.0005345524967295328,0.0073881625714695585,0.006744207981496835,-0.009469777030962148,-0.010918561775969745,-0.005993600023752743,0.08937239299857375,0.016400737853860543,-0.1601047876792109,-0.05099526702542363,0.17156229209483534,-0.002299634853864814,0.0005406893741464414,0.01672788300254216,0.056311161504627526,-0.11202434424817333,0.07672727525034022,0.10944831789635946,0.020244860054657362,0.007373051249719543,-0.1606029208752546,-0.1118194035868358,0.8837872776797029,-0.035861296287774416,-0.7035736212921229,0.005832011220470598,0.006814661305787663,-0.0511671514590872,0.07874493465885109,-0.039467245923852826,0.49244628213962205,-0.09222532303669577,-0.022074886357956746,-0.009475903275542569,0.17229704551912478,0.10843344541018171,-0.7022498651332335,-0.09658569665687679,6.351913275756977,-0.0011245709856538598,0.0029530048823583925,0.009426199457648266,0.016340216453332272,-0.05872147026858549,0.09935582816984045,0.020208653993460668,-0.0035446961495135365,0.002423769950837855,0.032588602468871734,0.03232515765047127,-0.013213539842412539,0.004279938122309599,0.057822702754635795,-0.0031009975819861215,0.002728209052507422,0.015479359570944219,0.010550279864326387,-0.028601580332260828,-0.009749900952705119,0.03968474663666265,7.828055915279636e-05,-2.1913470620245582e-05,-0.001203153738487093,0.0033716901126419306,-0.0028310255941473,0.0054305162065266975,0.003017431396518823,-0.0003399206373009074,0.00026528409001646283,0.00196439270869009,7.894771275324385e-06,-0.0017797758170690636,-0.0037185757182534498,0.003327504214186575,0.00028092938353130895,-0.000230598629426207,-0.002449850940282387,-0.004569937477535001,0.0027452823823498145,-0.004334197505110403,-0.0063536807834700905,
0.006345406415264575,0.0008115683732457581,-0.007277300994800373,-0.0030418334841415275,0.016855746163306852,0.0010064848649555963,-0.018813616919226565,0.0006991703241172127,0.017895186052140882,-0.019942909489783653,0.001993413483639164,0.023920532776506836,0.02286289137144146,-0.029438556584977092,-0.007109649236076594,-0.01982783857261225,0.11090282457075543,0.013049202081301139,-0.1829726530592368,-0.07739116618425444,0.19889094739385665,-0.0030947747950185955,0.002028173509551772,0.013885902573564616,0.05815558449018468,-0.11061663659458112,0.08325871875667577,0.10714039390767356,0.016743906752385525,0.023732689730218637,-0.18390912807328968,-0.11052001567730352,0.9123586403387528,-0.010690661613331907,-0.735861669569182,0.0008022858637038151,0.022924408741815814,-0.07708135990859061,0.08548401885017905,-0.014633326628466014,0.5348394394646514,-0.12460923942175715,-0.018659402095214123,-0.029302611096375695,0.20034964700300273,0.10589907293682012,-0.7341716426268413,-0.1296650694699466,6.3901506377432025,-0.0004049690822272735,0.0031866076034454674,-0.010022752713638148,0.0064269769596676405,-0.02374207944589606,0.09579076717461818,-0.018544535505769996,-0.002401957580580341,0.003547718264686424,0.0202266187891678,0.0046412876821191,0.005375640949797692,-0.025118114125312858,0.0204511034742615,-0.005876601159488897,0.008119657751319398,0.013271888132087389,0.005272810271086718,-0.01552329301089375,-0.04191442238478517,0.03764866807957727,-0.00012632757077518712,8.366238724223537e-05,-0.0010127043219275852,0.002858492663936469,-0.0021681372443549548,0.0028040208368787798,0.0031470156678458957,-0.0006251845522236272,0.0007616058284781976,0.0026294623249058405,-0.0010168429785545599,-0.0006836657773928149,-0.01204805916563914,0.004944337718895238,0.00017801282265425867,-0.00015025288550510443,0.002864768069923307,-0.008243389287596332,0.004415694587041348,-0.014069363193444612,-0.005747190823983358,
0.0028689040831356327,0.0009502981036934419,-0.010999508423688673,-0.002340738874113723,0.02033577692904261,0.00564736415467384,-0.02205871624912484,0.0009555245336071544,0.0028790656644807136,-0.0030473691778778607,4.417116505222645e-05,0.00422818678486502,0.003052484081723613,-0.005252128873946743,-0.010997552733920106,-0.0030449501716872164,0.08769149231525054,0.015767624557725447,-0.15554550897064257,-0.050083385936408764,0.16635762357878128,-0.0024170338803435657,6.429906825884519e-05,0.016491437055645014,0.058154742407596514,-0.11309770783671594,0.08131704106401279,0.10971298965537167,0.020443738387114527,0.004205581634393467,-0.15638777758493494,-0.11336790945269946,0.876434030003911,-0.041803934006154134,-0.6921927768370747,0.005597195912746521,0.003085200181371805,-0.04952040856997582,0.08218235348920329,-0.04453780445183235,0.5076089274824515,-0.09062338242662123,-0.02218993330811332,-0.005225267261535759,0.16747075319052593,0.10922607468493921,-0.6904835487585385,-0.09344560825185538,6.338916689984523,0.0010638857658195045,0.00010967064940396136,-0.008237762638762051,0.0036087965375050835,-0.007583415204129898,0.0780881390231848,-0.024252566409121053,-0.0020760741426191806,0.00020345214625441504,0.01555777804819933,0.009883523636017024,-0.017032565268860538,-0.03979072222635996,0.04310420344426023,-0.0022891117254578625,0.0002681128037176548,0.013861163792442064,0.0001364580798810651,-0.012553967265515756,-0.04054007851990971,0.028916970239566988,5.334473756799715e-05,-2.226136406077543e-05,-0.0008727212461578658,0.0031113514822265253,-0.0025904978882504417,0.0026372686118790027,0.003732339604696003,-0.0004272637256171915,4.402873822152091e-05,0.003083072910151959,-0.0013210831292808191,-0.0007220839325274287,-0.013484146359169719,0.00531235163228345,-0.00015013447441013635,4.656916289569461e-05,0.002023189991934998,-0.007031628364372709,0.0055614981071938855,-0.008807747999192872,-0.007175314837855558,
0.003611183916574424,0.00202053041063081,-0.01129976585152607,-0.0023209289119725243,0.020717426617260545,0.006023811773023107,-0.022783331790165093,0.002007526441016793,0.013674547668221584,-0.014768564355946362,0.0010499055673668816,0.018601674804761954,0.016367120060513253,-0.02305448158291888,-0.011264602857909142,-0.014731953310725226,0.10219473468061971,0.014301918745475591,-0.17268757843733604,-0.06674060217501768,0.18701715221813678,-0.0023668490249801263,0.0011128051129165755,0.014815762112425128,0.05919789597712929,-0.1118171982051189,0.08463182330933998,0.10778973492271643,0.02076149517985635,0.018453377396940907,-0.17332852733478166,-0.11212363625582523,0.894634108345801,-0.023560933811406535,-0.7133669240433211,0.005976245937028596,0.016427830786626036,-0.0664196599994681,0.08508894437923134,-0.02554766091705928,0.5304418643948781,-0.11477044354152827,-0.02282875332795872,-0.022908793311395018,0.18787224056285323,0.10757289856708838,-0.7120048274279746,-0.11658272066109336,6.365597703178354,0.0013469631067676295,-0.0004743061506256579,-0.009804742549015614,0.0038048686861988984,-0.0008831334124875458,0.0661396913065403,-0.024167432003247263,-0.0012468145450650406,0.0007314199638183435,0.006911184114777208,0.013606746682725468,-0.01674418930538666,-0.025967957855000917,0.03818339471252799,-0.0012240786152494065,0.0009053630285310244,0.005359086776644353,0.0018603943795888695,-0.004733915388348736,-0.02672552417478734,0.017370559702968698,4.418019866507904e-06,-1.6358942973435456e-05,-0.0007528869583545003,0.002900051454482256,-0.0024898346373797647,0.0019620312826076998,0.0037344403965012163,-0.0003187055522361887,0.00020891590863181565,0.0021635998834205164,-0.0008140713733036815,-0.00047737767981586475,-0.011855741077122338,0.004730650980077941,-3.212691693840723e-05,4.411516356051131e-05,0.0013593056429268835,-0.0051387604929913734,0.004246511056167824,-0.005287100733010278,-0.005830828041239907,
0.002684330512013981,0.0004821766492191277,-0.010578134327995186,-0.00233520250607568,0.019613904408188356,0.005243973183801366,-0.02111723858624322,0.00048624642775951625,0.001620369617982886,-0.0015043017867996027,6.917311438381484e-05,0.00197577091113344,0.001611095207710448,-0.002522476742462501,-0.010578017017784696,-0.0015041941596263633,0.08520514933248854,0.015469449347611254,-0.15073628597332142,-0.048299744138330665,0.16045131388208725,-0.002384007361065365,7.927538882836831e-05,0.015920703029581703,0.05950498205376503,-0.11304159376835436,0.08380652896605949,0.10909581077101363,0.019693383201805956,0.0019632322651378284,-0.15130795102238764,-0.1132395779868993,0.8618685081687697,-0.047238924332725356,-0.6731428024085615,0.005208226036915502,0.0016260296732205622,-0.04790420241400439,0.08399016896835854,-0.0488376757268602,0.5115948912334537,-0.08744880687521298,-0.021205592143313703,-0.0025078195677498962,0.1611493863264528,0.10893863296449541,-0.6720584181696578,-0.08874559631147032,6.318478239788029,0.0012649718238737031,-6.415170790937236e-05,-0.00907178282577826,0.003973233537186827,0.0025285680140854135,0.05612895699905533,-0.0219159387641406,-0.0008763934118731307,2.196610831424975e-05,0.005100476067552278,0.010441969159965236,-0.01542216890815717,-0.0247069447116177,0.03239941427043327,-0.0003365525376148464,-4.630977541450001e-06,0.000967696933870605,0.004351259895039975,-0.004552570588403753,-0.0062433313455041795,0.010439835492383922,7.282174102186057e-05,-1.6195535820497587e-05,-0.0009950600426143167,0.0031430659339417087,-0.0025959611525661237,0.0025573783363864546,0.0037122507122700757,-0.00027142448813716603,1.743527193426326e-05,0.0019397337853898436,-0.0007448594071122908,-0.000701442883207251,-0.01012331872823877,0.004199419939806403,-8.457725708756153e-05,1.8602246371486518e-05,0.001135753980946661,-0.003809896612086585,0.0031795797532497092,-0.003593230040076115,-0.004365171866917972,
0.0024911207149136355,0.00037655580213889273,-0.010296323284282125,-0.002271429808130974,0.019055415744073437,0.005134787342050248,-0.020455905120028157,0.00037975634770701154,0.001457911572050332,-0.0011608044968565907,0.00011089384453886714,0.001404401860769139,0.0013630051969880138,-0.0018674352392922746,-0.010295656753374616,-0.0011612265684985256,0.0841777363148531,0.01542594781658576,-0.1490318167236063,-0.04767201086180052,0.15832405660541332,-0.0023179847607646873,0.00012047571134420365,0.015854448712307713,0.05960327504030964,-0.11274287108797963,0.08372469876563074,0.10867765509423176,0.019118538719898024,0.0013930424449320813,-0.149506380499253,-0.1128776785211819,0.8564533840673075,-0.04819540443428978,-0.6662338496016975,0.005088510290981428,0.0013773873009168122,-0.04720934423660865,0.08386742532200658,-0.04946893325520432,0.5117654535097402,-0.08720052068415168,-0.020527939229808643,-0.0018543936117795066,0.15891405438292375,0.10850931519364938,-0.6653886789656441,-0.08829308365922091,6.311195498615392,0.0010703788512437932,-8.921248308434439e-05,-0.008017183101799134,0.004715601670012385,0.0009343949609194343,0.048123499366899795,-0.016679475593727823,-0.0005144875957760175,1.8887326690993157e-05,0.0026068373035754567,0.009876705109179753,-0.012733705800106038,-0.016587876800741915,0.026003084307682365,6.966668447780639e-05,-2.2647646757782365e-05,-0.0018081513814199204,0.005938104165404329,-0.004415225507082437,0.005277085688668936,0.006601884770218017,0.00010806716112252727,-1.8142656702707428e-05,-0.0012494289564433387,0.003215004593458777,-0.002396668096049701,0.003371549282530083,0.003251288774452216,-0.0002191018602359921,2.0089692394163797e-05,0.0016372543923522478,-0.0008574721885340985,-0.00035100912257200355,-0.008527832010055539,0.003134886170304861,-0.00010223642336674615,1.7559468952731345e-05,0.0011922737398760543,-0.003322932941865445,0.002553029353741847,-0.0035778899398120766,-0.0034128221990181954,
0.002348338590732315,0.000309088170518395,-0.010042642758982867,-0.002164871239795697,0.01849282066905192,0.005218612322035392,-0.019862978622492217,0.000312092337133677,0.0013947709719906891,-0.0008287735822397593,0.00015922255442302346,0.0008383500286598529,0.0011362909194085197,-0.0012412381870157212,-0.01004377291632463,-0.0008285555595648206,0.08361444388100092,0.014899145106134121,-0.14739727359426202,-0.048890946286941676,0.15670363035804066,-0.0021726238249015852,0.00016209496011830406,0.014975436351786258,0.06107796325469696,-0.11339564028556605,0.08598542510015748,0.10930997478659805,0.01850038149103764,0.0008339572578585435,-0.147460376534419,-0.11339789355063447,0.8534023859572951,-0.050747029993244805,-0.6619530525388556,0.005207353386230359,0.001140948622668675,-0.0487669018708317,0.08605061655333264,-0.050796965869211556,0.5210041060255379,-0.08814761674452684,-0.01987261040872661,-0.0012360546739288263,0.15678048306235864,0.10925311932109434,-0.6619035799648049,-0.08830540719608541,6.308050699552988,0.00010568256269181084,-1.7058539251675443e-05,-0.0010456348525731366,0.0035067031484601325,-0.002951319674365319,0.006602273159273795,0.0027782610299426423,0.0001528757222149945,-2.422210789796007e-05,-0.0015611302467387913,0.005510935188543849,-0.004706737714087162,0.010305153454666446,0.004469479827924943,-7.824137403899324e-05,1.4197239276129605e-05,0.0005514831277030336,-0.000553517067114949,9.325878064353544e-05,-0.0013749276088530827,7.586275035779144e-05,1.4311142341427066e-05,-2.267610141842454e-06,-0.0001458915243800816,0.0005129896563066933,-0.0004375249401318035,0.0009597578875203548,0.0004152554587628073,-1.3681182990537565e-05,2.284391566525888e-06,0.00012461729778097134,-0.0003551348869585846,0.0002809290362638501,-0.0006847559569359089,-0.0002564943820390749,-7.94221664290593e-06,1.2628828903052423e-06,8.038709838814167e-05,-0.00027959815937087017,0.00023760715467871082,-0.0005238530421006342,-0.0002251576334387723,
0.002810884703166,0.00012685912016796252,-0.008539178904460683,-0.002196159979293586,0.016483614330453433,0.0037957061871571464,-0.017749443221723043,0.0001381746491629769,0.0013175183006595471,-0.00020249137044849014,0.00028949543506038086,-0.0003070936743222787,0.0007964397509988186,6.282825067601823e-06,-0.008547362922816736,-0.0002161828960068866,0.08415209696333374,0.01458835844512733,-0.1477147308256283,-0.04991505933081769,0.15645085659379945,-0.002194089477090266,0.00029198441664263073,0.0145890635348215,0.06145889381330217,-0.11329522070176376,0.08691404405492349,0.10909360256753962,0.016490826291273533,-0.0002932050468406456,-0.14771604954756878,-0.11329426573128436,0.8531447889827822,-0.050265004587765734,-0.6606048286991493,0.003807619419137807,0.0008132332486931012,-0.04991279058785695,0.08691449645613199,-0.05026892348485813,0.523410200796623,-0.08835638268698892,-0.01775956461256654,-6.674678332627224e-06,0.15644798153283154,0.10909345793586188,-0.6606006642256907,-0.08835500336041006,6.305717413775161,-8.587496954370096e-15,6.932320032813522e-16,7.126315595729665e-14,-5.4011930542450175e-14,1.2891361740100774e-13,-1.7741165349282496e-13,-3.678154267411919e-14,8.203237528801634e-15,-6.622147471320434e-16,-6.807467591868788e-14,5.1597575655952323e-14,-1.2314830235610136e-13,1.6947702697036573e-13,3.5138739464214144e-14,-2.1600813011276675e-14,1.743746949500168e-15,1.7925347274415816e-13,-1.3585685727214865e-13,3.242629682447857e-13,-4.462510909560788e-13,-9.251586050470236e-14,9.037784739282348e-16,-7.29586658632818e-17,-7.499986704842052e-15,5.6844033713152915e-15,-1.3567367053363512e-14,1.867137989508356e-14,3.871058319198024e-15,8.540092654974565e-16,-6.894051492935494e-17,-7.0869727579572356e-15,5.371338061974685e-15,-1.2820153374621871e-14,1.7643166589658215e-14,3.657804720317423e-15,2.3134278836099535e-16,-1.867556938649947e-17,-1.9197914496439754e-15,1.455034653665291e-15,-3.4728689555479445e-15,4.7793247548818275e-15,9.908760274529125e-16,
0.002271041312512221,0.0002579946836326585,-0.009205199056988668,-0.0020430396409214396,0.017158663847509633,0.004701925765082365,-0.01840444795878543,0.0002635426252272945,0.0016506525608112614,0.0002222604484704993,0.0003930159286600351,-0.0011145140420304514,0.0006184209280171462,0.0007659884711789122,-0.009205231561839868,0.00021678443958120586,0.08258933865608431,0.014742701677690827,-0.14642937409974224,-0.04838227963173624,0.15505854975529676,-0.0020414828611005132,0.0003944129617017562,0.014744230087758289,0.06149660149078837,-0.11385307141803284,0.08697742942781599,0.10968660263923842,0.01715551693489075,-0.0011097638544789428,-0.14643250804146057,-0.11385094606454225,0.8549399505053209,-0.052324629693282124,-0.6626574483514347,0.004705128077628576,0.0006258533007092506,-0.048379162384824745,0.0869787086106031,-0.052331587339095015,0.5224694070859325,-0.08617998131032564,-0.018402374998186314,0.000761798607851453,0.15506062038660315,0.10968490494848752,-0.6626568466540146,-0.08618517679898702,6.307487128044033,0.0,0.0,0.0,0.0,0.0,0.0,0.0,0.0,0.0,0.0,0.0,0.0,0.0,0.0,0.0,0.0,0.0,0.0,0.0,0.0,0.0,0.0,0.0,0.0,0.0,0.0,0.0,0.0,0.0,0.0,0.0,0.0,0.0,0.0,0.0,0.0,0.0,0.0,0.0,0.0,0.0,0.0,
0.00234591457621681,0.000499236389719894,-0.009687795746925791,-0.00206785647941242,0.017957925682661073,0.005132938060683408,-0.019306370380439333,0.0005037055813596079,0.003046761575337687,-0.0010683590637492449,0.0005207086094068655,0.00044560271454868023,0.0021091477475935327,-0.0012079706205334936,-0.009686405473224725,-0.001068460899049968,0.08376913884415961,0.014704503432246616,-0.14860239105755008,-0.04978011128377234,0.15769235772027287,-0.0020664096757624355,0.0005224203109844398,0.014705068874406157,0.061584347564020994,-0.11425149583246928,0.08733222610829587,0.11014947455011816,0.017952990652925632,0.0004421654994936123,-0.1486035727544561,-0.11425071843844009,0.8614344214304206,-0.05086449242483983,-0.6703001405806223,0.005134567660217731,0.002112274395717641,-0.04977910151561253,0.08733261415561278,-0.05086669166313697,0.5248418936455137,-0.08801972265905114,-0.019302166774735702,-0.001203718674124963,0.15769377619708758,0.11014924104325267,-0.670301602765661,-0.08802111311766225,6.315826365610647,0.0,0.0,0.0,0.0,0.0,0.0,0.0,0.0,0.0,0.0,0.0,0.0,0.0,0.0,0.0,0.0,0.0,0.0,0.0,0.0,0.0,0.0,0.0,0.0,0.0,0.0,0.0,0.0,0.0,0.0,0.0,0.0,0.0,0.0,0.0,0.0,0.0,0.0,0.0,0.0,0.0,0.0,
0.002606149250184871,0.0011269752087400267,-0.010550856869317926,-0.0021079014254319437,0.01931220087548506,0.005898504170164438,-0.020895288460958384,0.0011296611757318925,0.006749513117570351,-0.005742114253205004,0.0006975884243611798,0.00671051387598675,0.006913160902908791,-0.008674729626068871,-0.010546503210840115,-0.005730123088474712,0.08952264556390593,0.014489518229402925,-0.15671693103632126,-0.055785210609344354,0.16729769243492476,-0.0021065580606217235,0.0007002389751833093,0.014487817197451137,0.06164294232468301,-0.11419848268565273,0.08774011104073333,0.1100964527717987,0.019303272171586568,0.0066880446152105515,-0.15671349016320762,-0.11420090953259444,0.8743412858327155,-0.04297343988417134,-0.6855203264198009,0.005897133239480618,0.006906999728137343,-0.055789076850122826,0.08773838243277181,-0.0429644272990451,0.5315539446381382,-0.09738033474647713,-0.020886498050266288,-0.00865075323389779,0.1672973118496026,0.11009976986812148,-0.6855264933146766,-0.09737240863087832,6.333447481109473,0.0,0.0,0.0,0.0,0.0,0.0,0.0,0.0,0.0,0.0,0.0,0.0,0.0,0.0,0.0,0.0,0.0,0.0,0.0,0.0,0.0,0.0,0.0,0.0,0.0,0.0,0.0,0.0,0.0,0.0,0.0,0.0,0.0,0.0,0.0,0.0,0.0,0.0,0.0,0.0,0.0,0.0,
0.0021926684774232048,0.00028165966568485833,-0.009723132870898373,-0.0020799256812261573,0.018087506740351676,0.005131346940136872,-0.01934829854918142,0.0002838238230354086,0.0019206309370356838,-0.0008310330607907925,0.0003218232929766356,0.000517893161906465,0.001457490524501076,-0.0010018092392179382,-0.009721585770081703,-0.000829845642819296,0.08310934886816479,0.014721571456193603,-0.14820529431932108,-0.04916718586933371,0.15702407418346176,-0.0020791047320730264,0.0003228235907411581,0.014721836109644126,0.06153599722373206,-0.11420634515831009,0.08730358688526123,0.11015674624503848,0.01808362332783905,0.0005141253962606052,-0.14820585706929823,-0.11420597946177759,0.8619331226305375,-0.051221695309805096,-0.6706385830646199,0.005131554365163758,0.0014581889521291047,-0.04916680039008525,0.08730375595188618,-0.05122258746013743,0.5243445828013421,-0.0873216413398238,-0.019344696178485273,-0.000997545059908187,0.1570251460073693,0.11015669875821353,-0.6706399631300454,-0.08732239521186198,6.315758927560656,0.0,0.0,0.0,0.0,0.0,0.0,0.0,0.0,0.0,0.0,0.0,0.0,0.0,0.0,0.0,0.0,0.0,0.0,0.0,0.0,0.0,0.0,0.0,0.0,0.0,0.0,0.0,0.0,0.0,0.0,0.0,0.0,0.0,0.0,0.0,0.0,0.0,0.0,0.0,0.0,0.0,0.0,
0.0026831731038537907,0.00015452899330180539,-0.008270369177392614,-0.0021187342048127437,0.016095373589198086,0.0037219487820850296,-0.017278724401624007,0.0001671129280268695,0.0015581570709875805,-0.00026852147534738496,0.0003413865985009247,-0.0003219579142562453,0.0009580744280403161,-2.832945315493801e-05,-0.008279170151743577,-0.00028821116667147146,0.08495127283162904,0.014618630687653279,-0.15044563578032544,-0.05084494345367577,0.1588083153911578,-0.0021163470176301146,0.00034363079438820223,0.014620796295542379,0.0614931093752652,-0.11371252576957219,0.0872140907355609,0.10955790408694271,0.016102912911909788,-0.0002988149420995779,-0.15045002500901875,-0.11370948006961301,0.862277887118159,-0.04848711302111122,-0.6698293780409103,0.00373502606656235,0.0009798699239963523,-0.05083972520554628,0.0872158931877382,-0.04849810512778468,0.5253991505682778,-0.08977949999070703,-0.017289374438808403,-5.073238071495038e-05,0.15880731980796525,0.10955555353343756,-0.6698232137834536,-0.08978433525215528,6.31422794335942,0.0,0.0,0.0,0.0,0.0,0.0,0.0,0.0,0.0,0.0,0.0,0.0,0.0,0.0,0.0,0.0,0.0,0.0,0.0,0.0,0.0,0.0,0.0,0.0,0.0,0.0,0.0,0.0,0.0,0.0,0.0,0.0,0.0,0.0,0.0,0.0,0.0,0.0,0.0,0.0,0.0,0.0,
0.019113351981245592,-0.0032893288694041353,0.01033698259014773,-0.007002582793231281,-7.490509775598827e-05,-0.022038400899851904,-0.0019882758165647055,-0.002738358498524844,0.005481133172729691,-0.008177691335888113,0.0015250295573985507,0.008419697655893569,0.010494903422261951,-0.00960906702688753,0.009715085122976001,-0.00870992225397484,0.11278804055955821,0.008994926811384165,-0.17816705775983788,-0.08671998898246157,0.18690642048623038,-0.006929683525303505,0.0016681311423813042,0.008903823420702952,0.06298300041666227,-0.10874670452778581,0.09504394528260719,0.10471815267510629,0.0006556715388467867,0.008874566530453324,-0.17797475400150914,-0.10887627059969057,0.8909401357262597,-0.014076902790662494,-0.6992424860844049,-0.02130759740336749,0.01123122263933754,-0.08684514787284657,0.09495155917717896,-0.01370389207362717,0.5724103687471254,-0.12474598736657662,-0.0028731698270784618,-0.010004691308430166,0.18649817673144692,0.10489563774529491,-0.6990365278483599,-0.12408816459437857,6.344648719851845,0.0,0.0,0.0,0.0,0.0,0.0,0.0,0.0,0.0,0.0,0.0,0.0,0.0,0.0,0.0,0.0,0.0,0.0,0.0,0.0,0.0,0.0,0.0,0.0,0.0,0.0,0.0,0.0,0.0,0.0,0.0,0.0,0.0,0.0,0.0,0.0,0.0,0.0,0.0,0.0,0.0,0.0,
0.0031134805564537907,0.0005268592955994983,-0.008559365524647405,-0.002222206995405882,0.01677806884838082,0.0038819957872475355,-0.0181308188634611,0.0005433053964728042,0.002699065967885416,-9.795071272513055e-05,0.0005459586187635158,-0.0009777172141844344,0.0012427811063467219,0.0003653884563275036,-0.008563813813586839,-0.00011785861075429007,0.0839696360348647,0.014654226209663902,-0.1496662113071983,-0.05036456652221274,0.15797201476702116,-0.0022181067635566164,0.0005496969915437168,0.01465817837046859,0.061700495332756525,-0.11473234024102714,0.08755551721561472,0.11059201562171621,0.016775963419641333,-0.0009572641036267325,-0.1496742920071252,-0.11472676242209476,0.8662844881157574,-0.05017649904592816,-0.6742345557048495,0.0038944340115787887,0.0012674713761729513,-0.050356188278121154,0.0875588454884896,-0.05019512862770117,0.5259906250723978,-0.08807678531818751,-0.01813214719932715,0.0003463503937857886,0.15797555617957304,0.11058757112412373,-0.6742304664751366,-0.08808918963963405,6.318402025017037,1.3934904318918514e-20,1.7138388715698565e-19,-2.546108971335558e-19,9.155024993409504e-21,3.434741865570916e-19,2.594080793972688e-19,-3.984663427517474e-19,1.1018950488001309e-20,1.3424784620096476e-19,-1.9941132540030232e-19,7.13475105393524e-21,2.6908340422714844e-19,2.031069615820361e-19,-3.1217620541871097e-19,1.0132910804986304e-20,1.2436825945857282e-19,-1.8475738140922501e-19,6.636194596906612e-21,2.4925521286000467e-19,1.882252844285653e-19,-2.8916440266900373e-19,-4.888252203631156e-22,-5.8414743610477554e-21,8.674354701540201e-21,-3.071424002244002e-22,-1.1711742523789312e-20,-8.829502765182179e-21,1.358830917991026e-20,-2.9159199540744913e-22,-3.49203645799798e-21,5.1856796745226764e-21,-1.838389410757527e-22,-7.001048293908554e-21,-5.278894003438488e-21,8.12278436830002e-21,1.780207384900622e-21,2.1775603942466613e-20,-3.234746654055728e-20,1.1597950663497502e-21,4.36441493815718e-20,3.295108220552224e-20,-5.063283681831894e-20,
0.003651292266806623,0.0011405595271901184,-0.009622459115804246,-0.002398500759007371,0.018710798074970024,0.00461547102448739,-0.0203653092877548,0.0011346294717154886,0.01358322472148293,-0.01286529166673652,0.001714720059667078,0.0148571497654829,0.015685441801806685,-0.01860370521370739,-0.009602653275603704,-0.012848327839455238,0.09783182064861608,0.013262559446212734,-0.1670246527575291,-0.06659780737876742,0.17905093455584403,-0.0023975302335530694,0.0017146875116314803,0.013265444489606332,0.06198268039486717,-0.1136805717784165,0.08947067650857642,0.10930943690120802,0.018680531668863833,0.014833078070420492,-0.1670308371751969,-0.1136764660318592,0.8913167973459348,-0.031031118069782558,-0.7044533274495534,0.004598735386597197,0.015669944511174667,-0.06659392269484053,0.08947330468418715,-0.031042280211541515,0.5454878850648301,-0.11128290081653723,-0.02033235066478046,-0.018579345107539377,0.17906385720350917,0.10930526917602482,-0.7044627838629179,-0.11130028470842672,6.354187866044496,-1.1754943508222875e-37,-1.4693679385278594e-39,-2.350988701644575e-38,2.644862289350147e-38,5.877471754111438e-38,-8.228460455756013e-38,-1.1754943508222875e-38,3.0856726709085047e-38,2.571393892423754e-39,-1.285696946211877e-39,8.15499205882962e-38,-1.0432512363547802e-37,1.484061617913138e-37,-9.257018012725514e-38,7.861118471124048e-38,1.2627380721723792e-39,1.2765133965960778e-38,-1.8367099231598242e-39,-5.142787784847508e-38,6.759092517228153e-38,5.142787784847508e-39,1.4693679385278594e-39,2.5254761443447583e-40,-3.6734198463196485e-40,8.816207631167156e-39,-1.0285575569695016e-38,1.6163047323806453e-38,-1.0285575569695016e-38,1.4510008392962611e-38,8.896563690305399e-41,2.4106817741472693e-39,-3.5356666020826616e-39,-2.663229388581745e-39,5.601965265637464e-39,4.5917748078995606e-40,-1.4693679385278594e-39,-5.739718509874451e-41,9.183549615799121e-41,-2.571393892423754e-39,2.571393892423754e-39,-4.408103815583578e-39,3.6734198463196485e-39,